,, 165.2, 165.4, 166.2, 169.5, 176.7, 178.2, 183.3, 191.5
n, 137.8, 138.8, 145.7, 147.0
q, 185.9, 189.0, 203.5, 207.4, 211.9, 218.7, 221.8
x, 206.8, 217.0, 236.4, 245.5, 258.0, 259.1
z, 186.5, 187.4, 188.5, 194.5, 194.9, 196.6, 207.5
g, 171.8, 178.8, 180.9, 183.8, 184.1, 188.3
r, 161.3, 162.0, 163.3, 164.6, 164.7
h, 136.6, 137.3, 140.8, 142.1, 154.5, 155.1
;, 97.3, 112.0, 117.0, 126.1, 135.5, 158.8, 187.4
j, 114.7, 120.9, 122.0, 123.2, 123.5, 126.0, 126.1, 130.5
b, 128.4, 130.0, 131.9, 132.0, 136.4
i, 123.2, 136.0, 137.3, 149.5, 155.6, 155.8, 165.1
y, 183.8, 212.6, 225.6, 228.7, 232.6
/, 191.0, 200.3, 204.1, 215.4, 216.5, 221.8, 222.6, 227.6
m, 141.1, 150.7, 152.9, 161.8, 166.5, 171.5, 191.8
o, 136.2, 141.4, 145.6, 147.2, 152.0, 152.8, 154.2, 166.7
c, 167.8, 168.3, 175.1, 175.7, 177.0, 182.9
s, 112.9, 113.1, 113.5, 114.0, 114.1, 114.1, 114.2, 114.8
w, 131.2, 136.9, 138.6, 139.6, 140.8, 147.2, 151.5
., 158.9, 163.3, 173.5, 174.1, 176.4, 180.8
d, 116.3, 121.4, 122.2, 123.3, 125.0, 126.1
l, 140.1, 140.4, 149.9, 149.9, 150.1, 151.2, 151.7, 152.4
t, 136.7, 137.6, 139.5, 141.7, 143.2, 151.5
e, 135.2, 138.2, 138.4, 141.0, 143.6, 146.5
k, 138.0, 138.1, 152.0, 154.5, 156.2, 157.6
a, 118.6, 121.3, 124.1, 124.6, 125.7, 127.9
v, 154.3, 158.3, 159.1, 165.3, 166.1, 168.3, 169.4
p, 169.4, 170.8, 175.7
yx, 76.6
lw, 111.1
l/, 99.5
dx, 131.4
ox, 112.4
om, 112.8, 126.3
.g, 76.1, 204.9
tp, 113.2
de, 130.2, 135.5, 138.9, 140.1, 143.4
/d, 153.7
ql, 118.0
tv, 180.5
.i, 150.3
lr, 157.5
yy, 116.73, 118.16, 118.9, 119.8, 119.8, 120.26, 122.2
qn, 109.8
h,, 147.6
,z, 114.1
n., 121.1
o/, 375.3
tn, 72.0
aw, 108.6
ys, 75.6
cc, 125.5, 133.5, 134.9, 139.6, 146.9, 161.6
hn, 143.34, 143.7, 144.1, 144.7, 145.23
jc, 114.6
.m, 243.4
os, 68.4
,w, 262.0
c/, 257.4
yl, 38.3
/., 164.4
gz, 119.9
ct, 212.8
wn, 76.3
/g, 144.3
b;, 133.5
ba, 72.9
tz, 122.1, 158.8
,p, 119.6
va, 113.5
iw, 73.8, 112.7
/k, 131.1
ge, 109.6, 297.7
gl, 75.5
j/, 165.5
ay, 73.0
mr, 72.2
w/, 74.9
ln, 110.6
pe, 120.9
oo, 122.6, 123.3, 124.6, 128.6, 130.9, 133.6, 136.0
wt, 113.7
h/, 110.2
p;, 165.6, 165.8, 167.1, 168.4, 173.8, 178.0
ig, 74.0
z,, 112.5
wc, 132.6
ne, 36.9
sw, 103.9, 140.9, 150.2, 161.0, 166.0, 170.0, 173.1
zn, 174.7
lj, 114.5
,q, 336.2
rw, 111.5
di, 112.7
pp, 100.5, 103.4, 105.9, 113.5, 121.4
ve, 146.0
dk, 35.9
sy, 112.6
m,, 154.4, 185.7
oa, 69.5
lx, 93.1
g., 147.1
zo, 73.5
rd, 257.5
xh, 74.0
bl, 72.9
wb, 73.0
hx, 86.4
ei, 74.5
ep, 74.5
z;, 166.0
bz, 89.9
eo, 73.9
to, 72.4
ac, 110.0
id, 76.7
yc, 82.8
bb, 112.7
qg, 117.9
ho, 112.1
qza, 591.6
zzq, 310.4
aza, 303.3, 339.0, 340.1, 355.3
aqq, 330.8, 352.7, 352.9
qqq, 264.3, 296.6, 305.2, 310.7, 313.6, 337.4
qaq, 317.4, 649.5
aaa, 362.1, 364.1, 364.7, 365.6, 369.4, 370.2, 377.3
zzz, 290.4, 299.7, 332.1, 484.1, 570.3
zaq, 380.0
qzz, 356.5, 392.7
azq, 343.5, 373.8, 381.9, 381.9, 389.6
qqa, 351.3, 392.0, 404.4
qqz, 356.0, 391.2, 409.5, 426.1
zza, 342.1
aaz, 316.9
qaz, 458.5, 461.4, 670.6
zqz, 383.8, 421.0
aaq, 298.8
aqz, 327.3, 388.7, 432.4, 433.6
qaa, 630.2
zqq, 338.0, 505.9
zaz, 319.8, 338.2, 345.1, 386.3
zaa, 308.5, 439.3
aqa, 365.0, 699.2
zqa, 334.6
azz, 329.6
qzq, 429.3
wwx, 341.4
xxw, 304.4, 329.1
xxx, 278.7, 298.9, 505.6
wxs, 316.7, 316.8, 349.3, 412.4
xss, 298.9, 312.5, 327.7, 329.5
xww, 315.3, 334.6, 345.6, 346.6, 350.5
www, 278.2, 301.7
xsw, 331.0, 340.7, 406.1
ssw, 278.8
swx, 302.4, 342.3, 356.4
sxw, 341.8, 346.1, 352.7, 364.3
sxx, 300.9, 311.3, 319.0
xws, 317.3, 333.0
wsw, 307.1, 314.2
xwx, 322.6
xxs, 293.5, 306.5, 307.2
ssx, 282.4, 303.4, 306.5
sws, 304.9, 310.7, 310.9, 325.6, 429.8
sss, 379.1, 379.5, 380.7, 383.8, 384.6, 384.8, 389.7, 391.1
sww, 308.5, 316.8
ecc, 282.6, 303.5, 397.7
edc, 290.0, 305.5, 306.2, 606.2
ded, 257.1, 277.6, 281.8, 284.5
eee, 275.0, 302.3
dcc, 278.7, 365.2, 407.8
ddc, 273.9, 317.2, 324.1, 444.8
dec, 292.2, 327.9
ece, 338.0, 344.0, 377.6
ddd, 372.6, 375.2, 381.8, 382.1, 386.7
cdc, 444.0
dce, 322.0
edd, 286.8, 304.1, 307.1, 310.3, 320.3
ccd, 289.1, 347.6
cee, 340.9, 360.8
dde, 300.8, 303.6, 317.0
cce, 322.8, 328.8, 339.2, 344.4
eed, 273.6
cde, 325.5, 336.9, 341.0
dee, 276.6, 316.2
ecd, 322.3, 351.8, 354.0, 363.6
cec, 356.8
ede, 303.2
kik, 266.0, 282.9, 289.0, 468.6
i,,, 274.1, 295.3, 307.8, 347.3
k,i, 289.5, 380.9
iii, 259.7, 268.0, 277.5, 482.4
ii,, 263.8, 285.0, 311.9, 311.9, 332.0
,i,, 279.6, 313.1, 390.5
,ki, 295.4
,,k, 247.5, 255.4
,k,, 266.6, 267.8, 279.7, 297.8
iik, 248.0, 261.1, 265.2, 284.1, 298.7, 301.9, 315.7
kki, 251.5
,ii, 269.0, 315.8
ki,, 293.4, 310.8, 321.0, 345.1, 455.9
kkk, 241.5, 263.4, 420.5
iki, 246.6, 263.1, 276.4
,ik, 326.2, 384.3
,kk, 261.8, 264.3, 273.5, 290.3
i,k, 274.3, 284.1, 309.5, 368.4
kii, 254.1, 257.9, 276.6, 279.1, 296.5
kk,, 308.5
,,i, 278.0, 282.8, 284.7, 287.4
k,k, 263.1, 271.2
,,,, 260.5
k,,, 255.8
pp/, 307.7, 354.3, 360.0, 364.9, 527.4
p;/, 312.9, 326.6, 381.9, 421.0, 427.8
;/;, 269.4, 335.2
p;p, 325.2, 329.9, 340.3, 498.5, 629.7
/;p, 338.1, 379.7, 578.4, 758.5
p;;, 309.7, 314.1, 331.3, 334.2, 361.1
;//, 288.1, 336.4, 340.8, 360.0, 432.2, 475.2, 1046.2
;;;, 235.5, 245.2, 249.7, 254.4, 260.3
/pp, 352.7, 373.0, 416.5, 456.1
;;p, 249.2, 273.3, 275.8, 485.8
;p;, 321.6, 343.6, 572.0
p//, 327.7, 330.4, 349.3, 381.8, 563.2
ppp, 240.9, 256.0
//p, 284.3, 824.6
/;/, 323.9, 543.3, 556.7, 559.9
;;/, 270.8
;pp, 261.9, 294.9, 341.3, 361.7
pp;, 276.9, 279.4, 326.4, 385.6, 534.2
/p;, 343.9, 359.8, 481.1
//;, 248.2, 255.8
///, 264.7
p/p, 659.4
;p/, 377.6, 440.7
/;;, 297.5
;/p, 350.0
p/;, 409.7, 449.9
u, 114.9, 130.4, 141.2, 155.3, 163.6, 210.7
f, 114.5, 146.7, 207.6
lo., 290.6, 299.8
llo, 239.5, 264.5, 275.5, 306.0, 316.4
..., 258.2, 260.1, 266.9, 268.9, 282.1
oll, 282.1, 288.6, 298.7, 304.9, 319.3, 457.4, 490.4
ooo, 250.6, 251.0, 260.5, 267.1
.ll, 251.9, 275.6, 286.1, 296.5
o.l, 276.4, 292.4, 303.1, 304.0, 312.6, 320.5, 361.2
loo, 254.9, 279.5
lol, 255.1, 262.1, 273.6
o.., 303.4, 308.8, 354.0, 355.2
.oo, 285.4, 298.6, 310.7, 369.6
lll, 239.9, 256.9, 259.2, 261.8, 262.4, 274.4, 299.1
o.o, 312.2, 325.3, 343.2, 377.2, 573.1
..o, 284.8, 292.6, 292.7, 319.3
..l, 236.5, 243.9, 246.1, 252.3, 260.0, 262.1, 847.1
olo, 253.3, 269.1, 284.0
.o., 319.0, 332.1, 446.1
l.., 277.3, 409.6, 520.6
ll., 259.0, 270.8, 270.9
l.o, 293.4, 318.8
ool, 255.4, 260.7, 262.8, 263.0, 264.4, 271.3, 282.0, 595.1
.lo, 281.5, 299.7, 312.0
ol., 284.3, 286.3
.l., 319.9
oo., 301.3
frr, 261.0, 282.8, 295.5, 297.0, 299.7, 314.7
rrv, 319.0, 367.4, 403.0, 529.1
fvv, 295.4, 304.6, 312.9, 313.2, 314.9
mju, 259.7, 276.8, 284.2, 288.7, 297.6, 302.3, 303.1, 313.8
jmu, 247.8, 277.6, 280.1, 290.7
mmm, 261.3, 265.0, 265.3, 268.2, 270.4, 275.6, 277.5, 281.3
jmm, 273.1, 275.9, 285.5, 293.7, 294.0, 294.9, 295.3, 346.8
jum, 277.5, 278.8, 287.4, 304.9, 311.4, 338.0
jju, 273.9, 285.7, 288.9, 297.8
ujj, 263.5, 274.7, 276.4, 293.9, 329.3
mjj, 267.8, 289.8, 296.8, 310.2
ujm, 239.7, 246.0, 257.9, 264.6, 265.1, 276.2, 279.9, 288.3
uum, 302.1, 314.2, 336.9, 339.6, 397.0
muu, 267.5, 274.6, 287.2, 289.2, 299.6, 325.1, 342.0, 362.2
jjj, 250.2, 262.2, 264.5, 268.1, 275.0, 277.3, 279.0
jjm, 262.8, 318.4
mum, 265.9, 277.8, 282.8, 283.1
umu, 270.1, 293.4, 317.7
juj, 226.4, 254.9, 260.0, 260.1
uju, 248.2, 250.0, 250.7
umm, 297.7, 301.6, 308.9, 755.3
mmj, 253.2, 288.9, 294.0, 296.6, 432.5
juu, 263.2, 285.9, 293.6
mmu, 313.7, 374.7
muj, 289.9, 314.5, 335.6
mjm, 283.3
uuu, 267.4, 271.8
uuj, 239.3, 287.4
vvf, 264.4, 294.1, 297.7, 323.9, 338.0, 338.7
rvv, 304.4, 309.5, 322.8, 326.7, 330.2, 342.6, 469.4
vrr, 299.5, 322.7, 322.9, 336.6
fff, 360.2, 360.9, 361.8, 361.8, 364.1
rrr, 286.7, 287.2, 289.1, 297.3, 308.1
frf, 265.5, 274.0, 285.5, 293.8, 304.6, 336.6
vfr, 293.1, 301.0, 301.8, 304.8, 309.5, 339.6
frv, 305.1, 324.2, 326.1, 338.5
rrf, 294.1, 295.5, 305.8, 316.7, 317.6, 320.8
vrv, 306.7, 317.4, 348.1
vvv, 277.8, 286.0, 290.3, 292.7, 293.3, 296.4, 307.5
ffv, 294.7, 303.7, 325.9
rvf, 295.6, 299.6, 310.4, 313.0, 320.0, 339.7
rfv, 296.3, 307.4, 315.9, 321.5
vfv, 273.0, 325.4, 328.8, 332.1
rff, 288.9, 339.5
vff, 307.2, 453.6, 488.5
rfr, 304.3, 307.8, 333.4, 348.5
fvr, 313.7, 315.2, 318.1, 423.1
rvr, 309.0, 311.1, 327.3, 346.5, 424.8
vrf, 279.3, 310.3, 320.1, 459.5
ffr, 287.6, 308.1, 311.7
fvf, 291.6, 323.4
vvr, 334.5, 376.3
zz, 151.5, 152.1, 152.7, 154.1, 156.5, 157.8
aa, 160.6, 161.2, 161.7, 163.8, 165.6, 170.3
qa, 168.9, 172.5, 178.0, 194.7, 223.1, 236.9, 322.7
aq, 165.6, 167.3, 169.3, 172.1
zq, 156.1, 161.2, 174.0, 177.6, 183.8, 189.7, 210.9, 419.7
az, 154.1, 172.6, 186.4, 195.0, 239.3, 473.0, 515.3
qq, 135.5, 144.6, 146.4, 148.7, 153.3, 177.7, 186.3
za, 147.8, 151.0, 152.1, 153.7, 154.9, 156.0, 156.8, 163.7
qz, 165.0, 188.6, 196.5, 200.8, 207.9, 212.4, 239.3
wx, 164.2, 194.7, 205.0, 209.3, 392.0
ss, 129.3, 160.6, 511.4
ws, 137.8, 139.2, 151.4, 153.5, 160.4, 176.3
xs, 137.1, 144.0, 153.8, 164.3, 177.5, 185.4
xx, 133.1, 140.5, 142.8, 155.7, 163.1, 166.2, 167.7, 174.1
sx, 137.7, 145.3, 171.6, 172.5, 180.6, 224.9
ww, 151.9, 160.5, 178.2
xw, 211.0
dc, 127.3, 127.5, 128.7, 136.0, 140.2, 157.8, 160.0, 163.2
ce, 154.9, 159.7, 162.0, 162.5, 170.7, 191.7
dd, 112.2, 119.2, 128.2, 131.6, 131.9, 138.2
cd, 124.7, 129.0, 144.7, 148.1, 159.7, 213.9
ec, 150.0, 156.0, 157.9, 169.5
ee, 117.5, 120.9, 122.3, 126.3, 140.0, 143.2, 145.8, 146.2
ed, 142.4, 144.1, 147.9, 153.1
fv, 158.6, 158.7, 161.1, 162.6, 163.6
vf, 134.0, 144.6, 147.4, 160.2, 161.7, 177.9, 181.8, 181.9
ff, 142.6, 143.8, 147.0, 149.9, 151.9, 160.2
rr, 134.0, 135.8, 143.0, 143.4, 143.9, 144.3, 145.1, 145.8
vr, 173.7, 177.4, 182.5, 185.4, 185.5, 186.2
vv, 142.9, 146.8, 149.9, 150.5, 151.2
rf, 155.6, 155.6, 158.6, 160.0, 160.6, 160.9, 162.3, 162.8
rv, 163.1, 163.3, 163.5, 172.2, 176.7, 177.4, 184.7
fr, 125.4, 126.6, 135.6, 135.9, 140.9, 146.1
mm, 137.43, 138.5, 140.04, 140.09, 140.81, 141.2
um, 152.47, 153.2, 153.6, 153.9, 154.5, 155.4
jm, 150.3, 150.7, 152.6, 152.8, 154.3, 155.3, 160.0, 161.0
mu, 151.6, 155.2, 156.5, 156.59, 160.54, 161.2, 164.7, 165.2
ju, 131.8, 132.2, 133.0, 136.25, 137.5, 139.0, 142.9, 145.7
uj, 137.0, 137.9, 137.9, 140.81, 142.85, 143.4, 146.2
mj, 141.7, 142.3, 145.7, 146.6, 146.7
jj, 133.51, 133.8, 133.93, 134.5, 134.62
uu, 125.9, 126.55, 127.23
kk, 122.4, 123.1, 123.2, 123.5, 124.9, 125.8
ki, 122.7, 123.0, 123.2, 126.5, 126.6, 127.8, 128.4
ii, 109.1, 109.4, 112.3, 113.9, 115.0, 118.0, 120.3, 122.9
,,, 127.5, 129.5, 131.5, 131.6, 136.2
,k, 130.5, 133.1, 133.1
,i, 117.0, 126.8, 133.0, 137.2, 138.2, 150.4
i,, 144.9, 145.6, 146.1, 148.2, 149.7, 151.8, 152.0, 152.3
ik, 121.5, 122.3, 124.6, 132.7, 132.9, 134.5, 136.4
k,, 123.7, 127.7, 131.1, 131.2, 131.4, 133.3
o., 151.3, 159.0, 159.3, 176.7, 178.8, 182.6, 185.7
l., 149.4, 151.6, 171.9, 174.8, 189.4
.., 125.5, 125.8, 129.5, 129.7, 130.4, 130.4, 136.8
lo, 132.8, 133.9, 137.8, 138.9, 141.8
ll, 118.7, 120.2, 120.8, 126.7, 137.7
.o, 129.1, 134.0, 137.2, 139.9, 140.9, 141.3, 142.6, 155.7
ol, 129.8, 140.0, 145.2, 146.9
.l, 134.8, 147.3, 148.2, 151.9, 155.5
/p, 178.6, 390.0, 447.5, 478.6, 681.8
;/, 150.0, 168.3, 190.3, 204.4, 269.5, 289.4
/;, 146.4, 147.1, 150.7, 154.4, 157.1, 166.2
//, 126.8, 130.2, 135.6, 141.6, 151.5, 163.4, 168.7
;;, 117.7, 123.1, 124.2, 129.6, 134.3, 138.9, 142.0, 146.9
p/, 179.1, 198.1, 219.4, 239.4, 245.7, 246.0, 273.6, 282.6
;p, 120.8, 124.4, 139.0, 139.5, 145.7, 157.3, 164.3, 231.5
mh, 139.2, 142.2, 143.1, 145.6, 148.08, 150.62
my, 154.94, 155.3, 155.33, 155.86, 157.82, 159.97
nu, 137.17, 142.01, 142.6, 145.94, 151.34, 153.43
yh, 127.91, 128.27, 128.34, 128.45, 132.44, 133.94, 135.77, 139.03
hy, 122.75, 125.02, 125.36, 127.24, 128.89, 133.45, 139.94
nh, 125.44, 127.49, 128.84, 134.16, 134.52, 138.84, 139.38, 143.77
yn, 120.33, 134.36, 140.1, 141.37, 142.73, 143.9, 151.62
nm, 138.58, 138.78, 139.15
ym, 152.62, 156.36, 157.37, 166.16, 168.88, 171.05, 179.69, 184.15
uh, 131.8, 135.99, 137.13, 144.42, 144.8, 150.54, 155.35
hj, 130.12, 130.34, 130.78, 131.86, 133.01
hm, 143.74, 144.53, 145.79, 146.54, 147.53, 147.73, 149.66
uy, 114.36, 115.66, 116.27, 118.09
un, 141.23, 141.46, 143.23, 145.36, 150.04, 155.4, 157.7
hu, 141.08, 141.62, 144.76, 157.89
jh, 126.78, 126.88, 129.32, 131.82, 131.91
nj, 123.99, 125.57, 127.97, 129.57, 131.27, 131.87, 135.64
hh, 125.6, 126.07, 127.73, 130.41, 131.51, 132.01, 132.7
jy, 138.01, 138.19, 141.25, 141.91, 143.28, 146.19
nn, 131.65, 131.77, 132.25, 133.56, 137.99
yu, 121.89, 122.85, 125.2, 126.24, 129.5, 130.67
mn, 126.33, 127.6, 131.79, 132.17, 132.88, 138.29
yj, 136.59, 142.78, 144.67, 146.36, 149.09, 149.93
jn, 125.09, 125.49, 127.46, 128.69, 131.26, 131.43, 139.3, 140.68
ny, 148.15, 150.06, 150.51, 154.76, 156.0, 159.18, 163.3
